1.066374
-0.781246
-0.828033
-0.494891
0.100243
0.058422
-0.445449
0.380926
-0.745944
-0.058437
-0.663698
0.147871
-0.003032
0.233255
-0.613137
-0.058440
0.821271
-0.931551
-0.820665
0.519551
-0.731021
0.364273
-0.677001
0.624819
-0.785345
-0.254332
0.323602
-0.609455
0.336812
-1.062318
0.773928
-0.687533
0.274598
-0.271689
-0.097804
-0.196058
-0.079806
-0.455977
0.024207
0.134814
0.082940
0.094827
-0.532292
0.258729
-0.708010
0.194037
-0.748769
0.040327
-0.350496
1.146847
-0.853834
-0.822040
-0.388052
0.069291
0.069291
0.053268
0.109375
0.497749
0.149274
0.481206
0.174628
0.145563
0.426233
0.395116
0.087867
0.300732
0.495864
0.201353
0.070597
0.070597
0.070597
0.058579
0.058579
0.058579
0.162284
0.027252
0.027252
0.091529
0.297631
0.032810
0.443790
0.044266
0.478661
0.051935
0.051935



